10000
16398
8350
9473
6184
21107
13088
10315
13941
28345
14734
30201
2671
7099
27281
31279
16412
25507
31619
19215
15562
14296
15154
24781
18014
274
161
8944
8788
2371
18518
20357
18770
26868
29830
24954
15208
10150
2501
29149
5727
17235
26583
8398
24334
21096
6910
7979
13836
5761
27194
29398
20057
9580
21411
5303
9854
21572
14247
18642
23944
32766
6231
9946
26866
3293
2132
9306
13443
4633
5688
19171
21869
32271
27569
13435
20599
1711
21414
1667
7472
15840
31065
27529
25420
19708
64
2506
8513
14312
21149
32457
14310
27380
9635
8408
30674
11767
17715
11349
16400
23403
30520
5501
22906
25322
18937
10737
27033
7583
12405
1738
23424
10702
29267
16076
30411
29332
18583
6156
10876
6964
5845
25186
1576
15480
826
32250
27247
18541
10832
10879
9176
8584
16381
32082
1138
2550
10052
28172
10133
22457
29910
789
391
26409
16866
30802
22973
2681
4190
1081
9645
10035
26267
11221
25515
27094
10704
19994
12867
21536
30874
22044
30120
14487
21358
31259
17037
31410
26663
27170
21099
23805
27960
21491
17446
12058
19525
7652
14739
23716
8733
24384
983
2233
2837
26499
29327
13541
13725
9426
2309
11831
31470
32430
26318
20061
30921
10587
18703
24816
4990
7035
15853
182
28526
531
12240
15283
8183
26979
6231
16917
18595
7215
19150
21432
946
15709
2206
14671
25135
4515
26503
23838
4177
20053
11131
2330
30641
29834
27146
2863
4101
10231
3045
32627
10763
15285
15143
18946
9496
21374
3095
28091
28589
22245
16755
29535
5186
18961
11439
30322
23477
5174
21392
27654
25227
32523
29985
23100
29589
24363
25963
923
1827
29008
782
12590
11525
15925
31536
21021
4532
1864
16344
353
24109
332
29889
29296
19293
8560
26850
10002
13734
15474
4889
6193
15229
2106
29294
12050
26469
22489
12973
28296
18730
13756
8118
30255
29681
6887
18509
1445
8751
2085
1799
92
2417
31688
29388
21711
7480
23470
31713
21214
6176
3834
27407
21405
5940
23933
688
32410
13655
13661
27938
32385
27417
3289
29872
24331
10176
15613
25776
18927
17699
27575
19019
20116
26495
15640
9059
1207
6342
8005
22421
12519
11839
17061
1156
17780
8226
1844
17422
21881
15506
12592
21498
10155
15881
18603
1718
26057
1448
27495
12216
19147
22302
31236
6496
16030
14108
15555
17237
20450
23560
6891
201
2632
23952
1358
20412
32178
3202
5066
21292
18708
17658
10022
28864
772
28625
30582
26829
30074
25309
6278
16453
14844
4746
22949
30874
18854
5737
15343
6536
29297
22234
6738
31929
13418
8096
19573
12829
11298
24639
1353
30007
9530
11375
26103
10302
7233
23917
4363
4539
16459
10641
20992
31303
15387
11174
29409
1473
16911
11984
8010
13440
1451
14748
12602
14869
22844
32175
27698
1374
24047
29051
31381
809
7659
24716
11111
14892
15866
15474
19431
32325
26116
7655
30860
8735
18829
27501
10209
2972
6717
18219
16413
8168
199
29015
23038
23043
28422
17968
24417
19701
14252
23031
20510
21911
14979
31621
4035
30845
14328
23466
30402
7676
31121
28494
16411
17183
23227
26620
20155
29945
12071
3800
5345
12270
47
28383
2545
28470
13584
26963
15403
27836
17226
3146
16979
32205
1999
21014
30283
16327
11712
27917
24003
10065
23644
7647
27248
14103
1499
14636
11280
13571
18436
16626
25841
18484
12241
28387
14186
25825
22582
29589
20893
7040
32735
5104
6477
1967
26118
3992
18294
5062
31910
9530
15128
22786
17177
9608
4121
18676
24244
15402
32247
9913
32028
25321
28397
11501
20940
9815
4559
10754
6636
25452
17794
6604
30557
24271
8571
23907
28264
26865
28970
27406
3627
11330
17424
20804
20938
21545
6713
12415
4179
6192
22328
3439
31513
17957
14941
19685
27772
19500
30439
1640
12184
15465
8244
9973
6969
16815
1113
2465
10913
30083
29871
14540
8645
14527
2577
29583
3304
9290
9230
7484
15482
31558
10923
14228
16747
25864
1145
11751
12596
31585
13392
24781
14282
21636
1986
21251
5684
3099
23716
16597
414
20819
31137
9059
2578
946
5875
5883
10236
15105
13367
25719
13896
24290
7179
30643
17387
8324
9627
29983
7141
23019
21996
21424
11887
23983
9907
17571
27082
856
1400
27497
21675
32538
3788
24254
716
9663
30137
10953
24769
10736
3904
5897
2258
11083
3772
19645
19407
13399
16861
26549
3650
6089
15205
15538
30072
25112
341
24387
25968
1742
19116
14876
1512
22904
6362
2228
32568
3731
13181
24569
14467
17085
30466
16725
28168
1470
3603
14808
14870
20464
8589
18520
26553
23794
1290
23858
16138
1632
15477
9339
3374
1825
24215
4886
24729
30577
7114
24529
1540
20296
16330
16007
4613
14028
32732
14
15499
3567
14822
30369
24031
23411
16121
17817
14437
17412
8907
30575
19044
24384
7146
22418
26209
31361
27304
18170
29170
1650
9932
30710
21946
26262
13949
26560
7523
13914
26574
23022
17481
8628
20623
8745
32039
3976
26562
13708
21388
2701
11515
7664
27085
18662
30082
20526
17255
24618
5928
13658
26269
15860
11600
15447
9355
25550
9239
16878
6696
3045
7132
24177
11673
27755
154
10944
31731
26716
24652
20352
29417
3400
28016
23734
22062
25331
11492
6549
17181
17421
20207
10682
513
31808
26130
9868
24590
2601
26746
31286
5647
1110
22695
17320
28865
22850
28265
27829
16798
20149
15413
13448
23549
10661
4414
12843
3224
15907
19393
20406
560
6832
31088
1073
5872
24450
10942
30462
27052
4920
28980
32699
6031
18908
17251
2128
8990
12748
29957
25788
130
12602
6468
23679
23264
10883
3755
26488
26790
23148
14126
27350
29980
12447
28423
3085
4129
6597
779
31181
11518
29760
31112
17549
15900
15596
19677
24890
28344
16867
17910
28474
29469
24379
19386
19965
2494
23141
13686
29284
13521
27812
23866
10733
7491
19521
13818
11621
26119
14598
10034
4869
11590
8379
22418
27490
23975
9327
19612
19551
26194
4754
15258
22896
29133
1876
10093
31627
25017
23779
28143
5770
18824
19241
16503
26315
5995
30322
5168
32114
12152
15203
4215
23742
23582
26633
18464
14789
3192
5308
1572
29387
10062
16830
19515
6428
18706
29608
5287
10955
20620
663
16725
6676
19904
461
223
25899
30783
5392
25245
10167
20595
29460
1141
11409
23325
19605
26198
26518
24913
27770
23137
2207
11833
9884
8635
30539
6724
13923
8727
27344
14586
25452
1252
1722
25913
1476
27622
23928
6868
20099
1327
27463
16792
2468
6104
7349
22073
32302
1099
14218
27304
24236
16426
6369
1352
25061
4141
8077
6216
12868
2653
20802
5552
3906
22525
31466
5382
17379
22626
12250
4710
23954
6945
21502
26422
13049
28852
15728
12583
29951
29946
7119
21420
13604
13489
22772
5898
17630
30849
12114
30498
735
149
3282
4641
22674
1980
10023
7285
24607
22273
11995
15793
29218
730
9447
9499
29582
25175
22082
26765
22354
29201
15417
3190
9922
5422
9088
27552
3503
21203
25282
4238
21352
28565
8879
11258
30545
18902
18543
22384
8407
30538
5409
4857
31268
14857
14356
28082
7264
3670
22080
29618
104
4729
41
10026
10151
9129
4811
13655
30332
30093
17893
18916
25890
26773
30174
23668
12907
15949
13284
21315
13720
18694
26172
12220
783
7761
7535
8047
11431
29615
4898
11535
1576
4939
21562
11728
14068
26373
25383
11633
23698
10508
30549
16821
4513
27956
7721
17421
11137
21005
5968
24857
6931
32140
4310
7714
7133
11845
15762
18565
8692
20660
30100
10268
25599
18894
21996
6899
12499
14611
18532
3430
25120
16314
20251
29633
11502
27972
14286
22639
16209
20254
14729
23141
19627
19039
30855
26760
30884
13849
12557
6808
1741
9890
17076
27340
28784
6305
1472
8516
20916
20004
11946
13268
3550
32197
10134
15052
27401
24420
4924
10842
11907
19653
1215
31534
5924
32071
25526
4040
13152
5316
10848
14894
15206
27924
9466
11222
1461
10938
19738
22378
30943
31684
2878
1725
31113
13012
16778
25746
4665
21702
3821
16572
8587
5036
15338
14511
4339
8096
18551
17492
13412
29399
32386
28618
24555
9084
7073
26017
20023
26811
15627
18198
25728
18505
19923
24073
31518
3933
17052
3415
25635
20873
19987
1454
25909
2557
15965
30249
10653
1748
14973
24066
31147
14591
19916
22935
23675
26989
16184
10930
21033
31811
29128
13993
17548
16284
5298
16298
20217
22350
19713
13085
10455
6932
14539
3597
9489
30505
1078
20143
32253
16051
11441
30633
30642
31357
20800
21549
25579
4216
32480
13844
3259
28840
27837
20807
12356
367
4338
32574
22718
24051
12891
405
30984
27430
4002
7705
25167
5080
27848
24653
21131
6521
22518
19005
5111
10550
7787
30690
14766
7499
11766
18025
3571
6835
6064
15928
7202
10402
15734
29920
1686
28625
30326
32670
23287
1560
7607
15687
6641
2688
7572
27772
9209
30090
14010
14320
7872
21797
12242
22638
29296
24008
7895
99
30843
13959
16027
5278
24362
31761
2430
26048
27618
32756
25950
18138
1549
789
1057
8190
3477
8629
3194
12687
5951
17204
27007
13823
6233
6482
3693
2761
30490
11588
2861
28566
25547
18888
1076
17141
17882
3506
10421
12732
3495
3603
30870
5044
4393
31927
13234
7870
7788
16428
20557
13739
865
14797
27562
7098
21279
31255
9860
19001
10075
12721
14799
2855
31609
15875
19996
16723
19382
30418
29456
22877
1253
27558
27921
5646
26718
8387
13517
1738
24815
1306
15478
25680
16103
10272
11
4614
8760
9871
23616
18835
22592
5647
21690
21433
21523
8919
5389
8137
6569
2077
31014
7822
29635
26167
13469
23585
1786
26986
25324
26601
28292
8034
19514
11628
18306
19525
16242
27066
29396
7090
13134
19220
12738
2056
7885
1493
10975
13274
9630
17544
15351
7876
25367
12219
1275
6068
3036
3061
286
28360
29662
28578
3626
16408
7438
21933
3165
23681
16231
32561
30771
29365
19013
10741
31422
26899
12234
9629
7405
21864
27174
22757
29740
19773
2208
31015
25841
5244
1308
26127
837
30971
21937
4463
14611
29376
26396
17777
20289
9860
17570
18292
6457
3816
29034
5111
30715
8500
14741
5352
30365
9147
28109
27337
28920
30317
25585
21993
2794
26893
15352
3631
25096
4521
8094
6940
1129
1723
24717
21418
11583
9519
6943
18040
13335
3209
23152
11282
11709
5125
16635
9306
14272
11976
3876
10424
9526
29461
32417
12320
23586
15001
15951
15915
19522
24045
22855
20652
25768
14804
9302
4583
24323
16245
22624
4891
19454
13008
16173
31164
18133
40
7702
32405
12017
11578
10061
21543
8271
9710
1095
31858
24711
17046
15005
11465
8323
5092
32117
1324
19896
8652
5907
11451
24897
28531
16342
11584
8771
32516
9980
26904
32556
17682
26541
11805
29261
3834
580
4764
13544
1675
3854
5487
18721
18859
16953
27045
23951
16302
28369
11079
24954
1508
22531
17084
30040
6105
28668
6043
5853
5880
180
5642
23562
26721
17447
20055
30556
18028
24820
11332
19703
28674
16820
5657
14766
1005
32702
5949
17307
28303
17029
9494
29811
6792
26578
27083
12897
22478
359
18751
28358
539
24393
19152
27260
9072
6440
25048
27100
31260
3613
14036
27166
20433
19693
9164
21438
19627
15114
5977
15162
32143
15471
12205
6167
9281
6521
19064
31759
6880
5047
27349
7419
29440
13734
1911
5745
20174
26960
77
18666
30573
14113
13064
18238
1038
22229
6908
20665
4575
12885
3059
3950
28357
15265
10117
4870
21786
29181
3862
28666
1461
31211
3317
30901
12177
5228
3878
32351
32188
3956
18249
29993
18069
31314
15463
19108
20775
22371
7005
25350
2489
10065
29300
30846
25330
6649
2948
14348
3062
6810
10246
4523
5254
13563
2657
17431
18791
6535
17015
18212
10491
2496
15437
28561
1042
30901
14901
21817
20504
21906
14399
22993
31971
10931
21071
24533
17580
24020
6113
20643
30830
16359
25166
3316
29922
27823
20748
15946
1591
4995
1390
12082
7491
16827
7875
8534
14960
22776
30351
2697
11915
11983
25690
11118
22914
13994
2884
7727
5246
8997
28370
3308
25357
20768
6625
22511
15824
27373
5689
17415
32368
7079
29497
7091
23907
4605
15625
6099
27381
13209
8796
6528
25192
1719
17647
15338
15713
20531
23065
20959
29528
18667
24267
22117
6668
30892
11861
22492
25497
17550
7139
25097
24630
3868
32189
15769
8473
15046
21868
3087
28255
30665
9615
20679
32384
27262
3250
15329
15025
26315
3520
11786
12215
27787
1135
18883
25912
12996
8607
18641
30547
15746
10971
22409
19614
10392
5410
28088
25438
27278
31175
20926
25175
8022
8837
24791
2517
12087
7352
17542
5635
10872
29328
17850
5892
30464
3965
31804
10692
12572
17677
8471
28318
28648
30880
15164
6272
3522
10484
31711
30801
8891
19869
23208
16914
28706
15232
19431
8026
22584
4205
13661
689
766
31511
6581
31230
2708
5617
9154
15280
23294
17626
10830
19175
15738
25994
25447
19261
3711
24390
17294
12602
11491
7734
29516
7430
22966
16179
15456
12783
20385
29117
13472
21151
27860
20053
19613
30568
25670
28767
13080
16196
13625
23910
2603
29364
17136
28051
15857
20847
19673
383
682
31165
8117
30198
5827
31084
13610
21283
11099
1227
17632
24571
22378
12724
11856
9223
10524
4758
5222
23604
20954
18848
14746
23558
15444
31882
18841
31301
19962
5746
31684
20644
4143
7033
18074
9970
5349
31684
31253
16448
143
16117
8251
22521
28841
20107
31744
6597
24865
4199
30201
13052
23047
12179
3842
5723
11294
22683
4256
31256
28429
3172
19132
32573
10205
4438
9775
15555
3355
8261
32003
3498
24378
7487
26020
20452
27594
24996
27049
19692
29195
24483
32744
19474
3894
3818
25197
15188
26501
29453
13676
22162
32625
40
21967
10063
4479
31743
25618
7834
7236
24853
11332
31614
32340
4584
19298
27167
29581
13580
14091
26008
5295
14067
12715
9189
17885
5144
24378
11618
1830
5286
1012
1687
5327
22980
11750
9806
21955
4600
17640
29191
29454
28972
28037
29026
789
14568
23425
30370
28148
4748
23610
675
18815
3557
9864
3932
8702
1474
15550
10532
6761
16563
12219
12088
6775
23970
21894
28730
28570
6766
25153
25256
2970
20422
21515
3759
2222
12172
1361
30370
16921
24972
31045
2968
28529
8142
6901
4463
9616
22451
14995
16377
6246
27215
28465
13021
18417
17591
8983
14219
24357
1368
6708
27328
21791
28223
31087
24013
7627
32449
21616
24548
24653
19893
27517
20414
28035
1650
24878
4884
24101
7105
21261
30348
1552
16959
10601
19969
1782
19585
1421
26140
20953
8129
20700
9976
3584
19019
1222
11211
18700
22838
2992
10585
9963
30509
31000
5231
32159
23110
10115
23492
30215
31376
21072
31768
15567
31674
18969
17350
18491
20390
10722
6676
28519
31422
16653
32103
17673
17875
10547
3606
7945
13539
14191
17908
11280
12423
23139
10671
2765
486
1395
213
31863
22468
31981
14662
21374
18182
32012
7097
5805
9966
13773
1556
8620
30426
892
26294
15533
11439
29900
23478
24978
11323
8619
3490
23747
31758
14161
26512
32245
15556
26725
31340
5256
25938
13234
26630
11353
12479
959
17158
22445
14733
18714
31066
12391
19606
24592
27925
31045
21724
18635
23255
279
27254
26745
24026
26245
8138
17771
25722
23695
11728
24294
28951
4899
4760
22814
16252
17239
23773
642
6917
5738
19356
5215
18130
6195
29807
13287
4472
18763
31922
27728
19042
26409
21705
10301
19886
29844
28072
12840
20771
7032
4366
16954
11931
9126
7000
28183
26366
30774
28825
515
3744
15414
5730
21874
21609
2769
2393
26081
21532
1548
21041
7806
27957
9979
18107
15075
7055
13411
27915
27826
20444
32281
12012
32375
8639
19013
27791
2237
17019
23848
2752
20763
6494
8482
9870
28103
11251
12263
21417
15
13811
9690
7822
9000
19669
25929
24075
26724
6573
19222
21782
27017
18735
1027
26624
27375
20040
21647
29612
4291
12728
32365
25054
19222
8079
2156
14558
19331
14420
3207
19346
28231
12897
27168
4464
32567
20330
28539
26523
26903
14994
15538
21152
961
16565
15008
28336
3837
3888
25181
8128
16616
24778
414
3070
89
2571
17628
19420
16991
20835
5999
12454
965
399
16918
764
20729
12690
27287
14864
27684
10057
3248
28645
26622
18257
24214
30459
22145
16627
5819
5993
8637
6234
9063
8726
8805
26692
28147
25796
14759
1378
5482
15724
1777
22401
16488
22507
2323
11008
4603
30007
21065
7852
25884
14920
26109
17330
12611
15486
1189
18431
21479
9826
24665
30542
18553
702
24466
13932
26498
6458
15310
31980
22182
17087
21613
5903
6826
23936
16911
11430
21175
5208
19282
14292
20128
12623
31622
32740
28109
44
18403
16820
9870
10300
14594
28423
11002
6293
9587
4732
12751
24897
3944
2165
9217
25558
8068
16043
16726
24979
27473
5134
30188
13987
19426
17548
26610
18280
17520
21951
18324
3155
6003
28195
13455
20598
23850
24457
26891
670
29189
6874
25567
366
9039
2016
25924
17108
18060
9882
9319
12765
15016
6739
26753
1674
24288
20595
19955
9040
9779
5511
12196
15782
938
25651
3612
24789
17341
30503
25459
13762
4609
18258
14128
13649
20275
7284
30757
5567
17167
7308
18332
32183
14048
12317
1090
5568
145
21045
14608
9924
26556
26804
25706
27495
19688
29319
19516
4261
27054
12207
18023
31664
30465
32152
12545
17972
6668
10534
23539
23835
17842
9104
23251
31890
21421
24341
4690
21566
12618
19299
31490
6406
13335
24429
1133
255
20980
20649
4516
15266
88
22540
14162
30554
21924
26707
15758
28592
4473
6530
19660
22316
15634
10143
21438
4287
1716
26129
25854
14334
12660
24576
20740
25995
16237
21874
26251
4449
9755
30767
19716
9844
20539
1110
7630
9695
27818
23388
5520
32291
29918
25180
21839
12784
2555
10510
17072
4271
3871
10158
18605
16531
1966
6577
9758
18204
28451
3241
22653
5439
1241
9601
15283
21780
10712
22913
31476
5762
13533
4228
5285
10684
29408
27125
23468
31963
4867
7772
3466
8738
17930
22071
25269
19897
28648
2259
5333
24332
5501
27986
29771
6742
4820
12286
28522
15532
2431
27230
21294
15964
31458
26579
26648
28098
20936
17349
27293
25803
25121
30759
1773
10284
20062
27042
30181
15943
29302
2746
7507
2035
30732
4510
8777
2784
16796
4531
18316
19227
31762
6842
2423
30452
654
29072
25783
21590
13653
20308
14626
6006
18300
16399
16290
5594
10674
13703
21537
7208
16449
29044
9243
14414
786
18020
17198
17582
22551
2747
4041
21545
9589
6465
19230
10243
2769
12245
31834
16422
32553
13692
22428
18085
30091
5951
23680
7997
19654
12449
15205
3336
8726
24448
17750
9512
9700
2180
27095
32252
4927
31136
21029
14517
4833
7491
24760
7602
19736
23826
24024
19522
4750
13685
4839
2074
19636
28519
10071
6522
8201
25277
9858
16927
16957
27608
26439
26658
29789
20766
26142
1948
19135
14403
16465
23968
21895
8458
31571
8863
32284
22827
28385
4267
3744
457
6341
23380
28976
16412
29903
4409
8921
6993
21336
25879
1834
15008
19769
31623
3006
13143
803
22141
27546
17269
13342
16673
25727
12145
25537
25243
2204
21154
29510
5949
21611
3083
29329
17820
19496
26464
22229
28417
690
10798
21528
2524
25806
8529
1379
28812
21672
2182
18186
16451
19451
31528
356
12410
10905
25893
4886
13109
14280
1628
19058
3123
4712
15620
20943
24208
9316
10405
19857
10006
21203
8618
12530
14241
17147
13909
10285
6052
16092
28471
22503
2775
27231
22859
15186
5368
15985
20072
18478
30265
21700
4768
620
26412
20388
21564
17852
29705
31969
4942
6943
20404
13560
19474
1877
30707
615
12162
3991
16707
7866
26494
19483
2329
16586
1901
7698
32571
21973
26176
30068
10905
30944
30688
4550
18565
19484
22402
15502
18685
27344
22445
6321
8136
9151
8198
6076
9767
20361
10067
26474
28227
3794
13189
30556
20380
15090
5486
20183
4295
31662
17483
15201
29839
15403
19751
15636
2120
9385
31138
20805
3962
20815
27127
12098
29967
2557
18174
6966
22918
28242
672
18377
32036
13862
16166
19648
28952
21652
7063
480
20547
24546
15681
17618
7181
2664
486
9301
12049
31624
30107
16011
19671
24466
28110
16870
27023
13516
23836
17174
8990
24509
2783
8258
5603
18949
27906
1787
7834
2201
2267
28381
26747
17948
13231
1161
20612
13717
10462
32662
12573
7801
15905
32244
32267
11247
16347
26523
24764
7415
10929
986
31924
13712
9245
4759
32662
4383
6547
7728
6585
8814
3341
564
26763
16572
1725
14607
30289
12188
14501
10094
19989
30407
9570
19489
8886
25917
13244
882
565
24173
1869
32489
5117
11114
4481
5011
15497
11028
12739
22082
19842
16080
22647
13837
32652
24372
28445
30173
3792
10178
7499
23782
7817
17070
10503
16704
10219
23747
17586
10784
15152
19455
10506
20269
30569
14987
25281
13299
26015
5252
2613
13089
21333
25260
26927
21217
16865
22604
18623
20657
14
26122
11671
7832
10424
22174
24536
20644
13153
9354
31428
28305
28810
9166
15807
26611
24153
8320
7142
17400
13572
9756
30490
2137
2248
24649
23355
19113
14485
9210
7003
14499
2564
18674
22331
12989
8081
14099
865
21234
23454
32293
16772
19496
8692
32579
13339
77
8131
20482
17478
21703
30238
15200
23841
32486
7081
14428
18832
21566
23638
25835
3297
26202
11741
25629
6423
19822
6960
7288
8289
30414
6814
25061
17142
15506
24872
30482
15583
235
18196
293
21938
15666
15493
13011
15384
22574
27439
1448
11372
18309
27283
14670
11744
6257
7531
18167
26079
14491
25456
1600
12138
32270
26661
29280
15008
18765
26994
30591
19000
12422
30885
8171
28088
13610
21182
10705
3417
15854
12153
14789
1395
6669
29459
13139
12926
4222
31307
6237
18714
23995
7838
30852
23497
1731
27364
5737
20497
21591
3560
6729
1245
1677
14900
29334
15288
3315
7271
18705
19169
19424
726
20564
26093
30186
936
6251
1640
32243
12489
20354
23470
20327
18438
14199
22058
13035
19936
9787
1858
23496
16517
3103
25174
31417
32437
7694
1964
6940
26399
21133
26365
27125
8930
19690
24543
9866
25942
26184
9341
5663
13770
43
25990
32209
14242
15280
12476
1410
25068
14334
24906
8817
17437
17312
7466
17107
25006
9431
24047
18637
30564
17644
12995
6726
4567
4770
16592
30509
30954
25933
3404
11957
25976
29394
11398
7450
11906
23874
8860
4206
5440
999
13023
22877
18311
20490
7216
10550
29921
31264
29187
27717
16140
9414
1676
20707
14185
18268
18448
12371
11434
21852
24328
4642
18478
2958
12093
30385
26832
20953
1823
32272
21952
14847
22382
7496
2569
29598
18046
32490
28094
14465
27439
11467
23880
29115
32174
5297
14616
17855
17668
26050
6939
9229
30692
25418
12187
10017
23035
6252
30971
24858
5756
20155
6937
28138
27651
9506
24969
12929
9228
20295
27395
3900
31762
18507
247
31169
23804
14863
16256
8704
8145
23195
17933
6070
15845
30121
16087
6112
3605
14290
30971
9361
1678
5140
4732
29329
14647
29701
9491
23875
17228
4118
27775
16223
22625
28023
14624
13661
10118
30880
22365
18264
21307
7531
24334
4385
4884
7653
10497
8489
21944
8700
17850
23622
13841
22582
20183
28488
19515
29674
19595
3976
1024
14603
20199
23649
9858
2055
4542
19976
167
26908
5472
21474
1671
29806
25859
6555
4692
3589
15044
26636
12289
126
17490
26130
22709
4905
21850
9456
1812
8678
13432
2836
23281
863
26486
371
2918
31028
20347
3085
25168
25820
24560
26839
22858
17651
626
27550
21240
15670
21418
762
15797
6140
26892
5738
11046
15975
15194
12858
24653
28627
15694
15166
29490
9412
15537
32409
7673
3116
2726
73
28936
27286
26913
19027
12170
27539
13809
642
10442
2460
1404
26239
8600
28297
31977
19646
11504
14403
32504
3389
10262
15431
18555
6985
24843
1324
6626
32516
4440
9352
32590
609
3871
26735
19636
16041
21506
677
16683
31948
3137
18088
25419
11738
13617
24628
31384
25121
6264
31121
28510
16526
13784
14297
23511
5859
15621
30137
5608
20061
6722
5430
20670
10593
32165
7538
26634
20903
8216
10549
20084
11353
28637
12735
23091
9486
4596
21708
1839
10860
20061
30349
27386
1077
11878
18130
6936
27499
15499
12544
14793
22221
17974
2695
46
17371
10234
26680
5507
18450
4462
25591
29803
331
5558
20127
9818
10154
9067
11657
21014
29128
9239
15633
30205
21117
995
4373
15849
16494
16918
30642
5948
2124
569
5994
19496
10803
32675
25003
29253
4369
17826
26289
4700
23384
13648
14518
771
22715
26176
21785
19075
2647
4650
16512
23764
5645
20885
6845
22140
5035
4719
28088
7160
5289
1314
26656
16092
1221
18891
12578
5590
3949
6099
10291
27333
19747
24809
28104
9694
18217
17122
28769
20864
21772
12513
11861
27418
630
18706
16790
5666
23426
12110
12826
28715
13424
6714
12039
14646
25605
24617
20236
29554
30716
30527
24119
17695
22569
19456
27389
8018
3810
23390
28883
25582
3135
7976
20232
3766
26682
4254
9432
17340
16364
22258
13287
29789
28972
25327
11667
21809
17176
31903
18595
15125
29663
9946
52
19464
29402
27442
27482
444
18064
23597
26027
21200
31573
13491
24966
25488
17746
1630
10060
1342
23888
23348
31131
20092
15907
10030
9133
315
9166
27728
15440
6061
4906
15493
25525
1541
10167
20239
1985
28231
11069
28012
16663
9874
8736
8861
2594
26482
10491
12655
27824
1611
3235
26188
21703
19142
3450
30836
19457
12616
25796
2130
18677
30703
17623
11434
32244
27790
31674
1461
23253
9975
29474
7149
19849
5442
16010
22444
31924
26502
2331
26980
28113
5566
20400
17049
24708
23851
15117
11397
3699
8146
13527
22377
6081
31150
1043
5557
26172
32717
7018
16658
9924
3724
23807
29774
9166
7049
19450
8322
783
21781
2535
28897
27347
22935
13178
19287
14018
28295
30684
17718
3673
11444
7327
9754
9826
8370
15311
3231
8320
22330
19889
18244
26054
10928
15250
2453
17977
1932
10775
18761
23713
13310
14890
18292
3478
28068
4811
17496
23595
2728
2446
27269
14172
9773
4255
23998
18144
19567
27229
26464
9129
14350
11940
2415
25278
27191
4868
10488
29123
15644
29249
20069
28954
11371
5593
32432
6671
10405
17161
30266
13133
19607
24767
27305
29381
29023
18535
14757
15822
12997
8453
24951
27347
20393
27366
19858
14816
32235
30346
11172
15111
26827
31241
11297
5430
4066
10962
12101
14471
28123
9599
27604
14962
1599
22141
11575
30622
7909
26332
13676
20906
2017
5859
15485
22411
457
2575
4459
32692
153
15631
15035
26980
14104
26333
32410
18171
4527
11743
32642
32650
21343
27479
14844
22942
16852
26420
20796
24761
19984
1704
12899
22002
7563
28385
11645
8020
30960
16104
7945
31114
31736
22980
25326
13072
16545
24969
31243
21072
3944
31118
20954
25287
25829
3031
15461
9913
29451
3489
1907
16667
5193
14806
5901
12756
10423
17546
20777
8616
883
28722
6962
32619
18934
32288
12923
2712
24489
11399
23784
28434
9749
11971
20953
2810
15002
3647
12723
11685
7136
14630
28352
12330
29437
1486
25086
7092
19032
13095
15708
19915
9049
22670
19766
27984
22191
32690
30696
13912
11321
21712
9578
21070
915
30532
23880
15917
1411
3835
27602
8547
18466
23187
20877
15135
24673
13196
22227
10937
26291
5168
30853
2573
27838
17851
30557
17261
17773
28485
31174
29094
17429
7984
17396
18345
5748
8508
1494
7159
12344
29097
15707
30810
19516
3816
13177
11421
17012
2636
22358
10536
7804
20443
13109
2875
5527
10898
20136
23300
6615
18542
19627
24044
26527
4255
9621
32275
12764
11116
6667
25108
7445
22374
23150
26961
26190
3559
5614
10435
6195
27972
20971
14000
15648
1312
16875
21175
12210
4243
11707
18825
22786
31334
10101
16545
2822
19723
16052
15586
30839
22719
7926
5516
12325
31076
32477
5748
1867
5323
16183
8062
527
4386
22062
16175
5698
6169
4582
17908
10413
16290
3965
431
14856
14066
16976
17678
1021
260
496
31860
22980
8422
4608
2537
6730
4317
8285
8597
9640
24468
16660
10168
28854
5954
26343
1784
12124
30926
19692
22537
14448
23657
22968
29304
4956
7176
14215
5977
7436
14711
5070
30416
23134
9678
186
29864
13996
8471
5694
23636
172
22354
1036
29026
28308
27380
30811
7664
25538
17735
30201
7218
8625
20401
3754
13581
27577
17969
19558
2246
32681
24628
32662
23047
1539
80
20143
15535
8552
25837
6403
8724
15423
7440
4982
10964
2052
3025
18628
27590
20761
16062
2040
29386
3695
5794
10199
31273
23764
29757
751
23677
21618
645
13956
23157
726
1331
5924
9278
27169
12327
18002
9824
19767
22984
20788
21819
26010
6649
16641
14003
22711
18681
10621
26406
24476
20820
24911
15472
17809
25662
6381
6659
26308
20337
29816
27034
21668
2972
3544
16069
15300
21546
25894
2299
11762
13914
24119
5004
20563
7992
19007
10506
26674
29628
4145
18382
17680
29056
1086
2722
21951
7467
9381
15491
27804
6430
9757
16704
9402
13301
6
24702
2079
25900
27002
13841
7046
18353
18846
27610
26345
5085
5348
20251
1946
9493
5865
19626
5782
6951
22348
27733
14418
31730
10456
9454
5392
20213
26159
14794
746
26165
6729
2825
19297
963
16666
26343
19316
2744
21185
12893
7830
26534
377
9776
3259
6242
29402
9041
13194
18983
4006
27612
17945
14462
4299
23337
1907
30458
5363
2653
23855
12092
5478
10384
13055
22145
3959
32371
24889
25145
12497
32719
18911
12874
9727
22170
19116
6362
31212
32310
25345
2450
27155
10522
16913
31454
1091
18820
29144
6454
21474
20231
18547
26952
30615
31602
16329
1806
31206
8451
26951
10935
8402
13094
23809
18130
2497
10157
24492
941
9700
17069
3391
4087
27591
20304
2773
28682
6357
31917
2368
27831
19380
20915
22015
17227
19750
5577
19033
18188
14028
13217
29123
22430
26311
20164
7792
28808
30321
32284
29749
7253
16585
373
11340
11408
20677
14113
7322
27034
13262
9691
22097
32642
30606
11345
17101
17588
16922
3367
3008
30950
16584
32131
20612
10127
19527
28405
6168
17081
27921
3149
24334
11739
3522
2907
23147
24200
17020
30470
18466
30283
7393
7796
30157
5231
19141
14491
22820
3295
17858
25828
1477
1674
25192
22089
11801
11951
17726
17969
29032
12880
21119
20599
24619
24641
23506
14998
16073
7758
12700
1772
5273
20093
9568
2663
25325
28709
17154
15377
32004
2244
8437
713
3918
861
22802
15719
12813
7761
921
9077
20641
22040
29676
12492
13913
20414
27490
29987
28173
7423
31759
678
27516
8559
3341
20073
4500
20495
2682
3736
22739
11120
4449
26657
11981
27251
9609
24794
2244
10530
1104
22885
32570
30780
2609
13715
18427
30100
10934
13832
4755
9925
14510
32271
18484
17852
19577
22984
5579
22259
26720
28319
611
31169
22208
12593
25653
31817
4619
27897
9579
5723
18015
9381
3736
20624
23097
22163
17956
1263
3227
22711
11189
17737
22215
29673
2821
9024
19890
8401
31283
13842
3952
31895
12244
26160
11720
5129
25210
16339
258
2021
22063
18273
11403
25799
6130
1732
15194
24086
2995
18421
14030
14184
3390
3477
11090
6212
12501
30980
14613
11016
12054
18565
10143
24298
11957
21863
29427
4399
5435
29686
6421
27498
15191
17824
20529
21321
19556
2955
12640
22551
21376
26670
3968
24766
30147
15058
30978
9880
13270
12823
20896
25324
31388
31040
16855
10578
20135
13514
14977
25570
10432
21398
20300
25624
6454
8061
14177
26010
11016
26817
15794
32392
20719
19762
24391
18098
2052
22601
27978
15322
2657
16107
7878
1277
14379
24733
11855
1746
5480
26833
27317
15912
15463
14849
8768
21918
22911
22946
15160
1159
16995
30954
784
4947
17948
25175
23045
20000
15008
18256
2554
17665
1595
10433
18943
15974
2398
30798
17720
7878
24863
12269
23791
7559
27119
32559
29477
17262
22737
11869
18421
6965
10056
19205
11912
28004
11612
2189
15237
26621
20445
17791
11518
22040
28224
30461
5246
30623
28492
22967
5733
20587
2468
29524
28146
29587
29316
24855
14081
19285
3957
32503
26250
14013
18940
5394
9249
30553
7584
24486
24406
28029
9510
3156
17302
4966
850
22548
2821
29342
12747
8555
17161
15216
5311
12540
12035
1859
4627
26117
21145
8584
25852
14627
22597
12024
20022
31847
9809
27606
23565
1447
22867
307
4604
7401
5274
5454
29950
8095
2028
9929
16650
19189
25145
21962
31729
4413
23821
3589
30530
12198
12173
23614
26826
2003
2870
14080
1082
12680
8918
24647
14127
31785
24955
18731
6419
30229
24185
3601
5556
26213
13530
22207
12635
5908
11401
11596
10321
2454
15185
8083
14653
27359
31697
8711
29362
1799
22791
30444
14479
31709
22323
28607
30726
14510
14570
4377
11971
5988
7978
17528
32201
21509
6967
12068
27417
18368
23665
4970
20822
6082
13053
2707
673
11982
11418
30035
13781
1441
27711
28261
382
17267
24100
31109
31777
5902
2718
10981
11890
10697
28509
11324
32206
2708
23392
26855
21076
14289
31825
9130
20372
12110
11838
21045
24092
23256
18313
5105
24698
13256
598
25080
30523
24698
23421
29533
30601
26140
7746
9723
4069
3487
21047
3507
6195
11672
30362
27271
25961
29419
3633
13565
8761
15471
1843
85
5960
20156
5190
30658
644
5789
22970
31168
30487
13624
27933
28320
6996
2911
5276
11065
6398
26323
14572
12593
5227
12166
7096
31189
8817
10729
11986
17578
26201
13829
17663
32161
1217
22853
30051
1862
28642
20253
262
26362
1109
28195
21914
8105
31106
27190
19170
4736
20746
974
17329
25973
13140
24425
24394
21957
2386
3613
6767
28587
17442
24430
27980
18660
14516
25263
20522
10390
12749
20784
3984
13858
16211
25899
21964
14549
20321
8366
19285
8299
9341
3846
1505
22481
28271
25899
11671
30657
29512
18438
26477
14187
10101
21689
79
24617
14185
20601
2239
26934
8617
6224
8024
24828
32123
29988
6609
19676
5587
25894
27976
14928
29740
29481
4641
25243
22612
16312
23132
19357
1983
16841
776
12084
5763
855
3933
19948
21456
6172
14114
30073
12396
22138
22133
11751
19359
28742
31428
24946
21868
26636
7106
18840
23349
11747
11315
13193
28060
1679
32550
30043
18521
558
9359
24284
1413
13292
11464
22869
19464
25578
20174
31861
14948
9539
10844
1539
5513
9504
26485
27381
3372
823
13453
26721
12571
24768
7147
7863
26448
6929
5138
12201
7488
14497
3717
8901
27789
15181
31771
14485
7991
19177
13578
22939
28717
24423
24479
1462
1159
18196
28844
4532
19020
9529
31253
31591
1530
5632
6686
27978
12562
11824
7411
20050
26321
11128
28951
21342
26309
27954
3059
1532
14364
16638
24471
10313
8293
16182
11775
9452
1611
7851
13984
20631
17381
12470
19454
18911
18102
26140
14121
30664
5196
21532
17946
31517
32660
14130
20091
26201
9316
23150
27733
23680
7020
19436
1225
15313
2851
13001
24766
4462
20852
5982
25093
5465
18452
11779
24376
3787
5151
5729
1683
10347
27261
19630
9096
27153
992
29187
20586
10308
19569
15551
1221
26590
2220
2446
9135
5071
15447
1133
9533
3532
7116
1858
8997
25568
13637
606
29355
18788
6335
31039
29135
829
17901
5463
27982
18893
1882
15801
29201
21451
31352
30422
15273
804
101
24409
5875
15548
25542
15408
19080
32658
17266
28078
25459
30903
28684
22046
16923
2251
20317
13290
3080
5450
18753
31063
24343
20635
14096
20777
9319
12680
18431
24592
13485
18532
16233
19360
1313
9008
2001
20393
8898
19267
15703
1589
17403
11619
23636
1558
13871
11185
14849
16951
16636
834
15246
8211
21470
29342
28988
30789
9255
14652
22613
22740
416
6079
9332
1729
15087
11333
22123
23985
30601
5058
25575
15236
16678
16443
16794
30549
27628
31643
14732
11496
32478
29979
19708
21180
26553
15928
19201
3040
30580
9046
25780
30997
15125
2345
32726
30212
13678
22081
21430
11511
27140
14237
26747
11050
30680
10774
8831
25540
9649
23563
4269
9359
20774
23977
30539
14560
7137
16972
17600
4950
26019
10613
3179
8376
12958
3137
5821
26636
25219
27251
5380
19591
8720
32127
30641
6632
10133
6704
32172
19783
30267
3673
29142
18274
27650
26914
66
2020
11118
17666
6970
4369
28279
10149
12746
8469
13286
18567
2338
5737
13050
7718
25328
21770
7077
23201
28402
17211
29905
27806
4226
27405
31480
600
12911
26362
27514
12977
28382
5865
30643
2584
10234
26155
12733
22980
1856
26020
8779
4194
31757
21829
11912
24318
10831
18990
14751
6465
3433
11889
1504
7659
6526
216
8259
19437
26578
3006
32414
22193
8871
30289
24777
19105
23676
4743
9318
25533
30763
18097
29727
29752
7159
8872
21302
17990
27862
3286
24456
31295
15175
25960
6186
21701
26176
14445
8370
19986
17451
8016
9411
26322
5537
1421
12660
29214
6164
21978
21979
4159
7307
18938
1143
14466
27810
22446
32457
22904
25732
24145
21431
8139
17337
27617
29840
10745
9295
5442
30731
26746
13458
7375
20301
18995
8796
193
15441
14960
22171
4652
19119
29478
23591
20262
11177
18633
9940
10866
8770
2904
2243
30201
11043
19580
25051
8115
30325
1578
13557
28288
28324
27015
2895
15857
13243
11691
16050
28684
26651
5453
569
13002
2164
24160
497
13341
10025
10437
24207
18795
13342
26450
16229
24385
13262
8512
32501
10819
10090
13290
6339
5646
7538
9235
21504
20781
20926
4786
16697
14810
10240
17266
27812
12404
8658
28309
25745
18684
5979
17184
4711
19321
10866
20940
10938
24128
29452
10671
2179
6774
23962
8518
12421
31500
17753
1157
19513
5912
5943
3442
20722
16183
20709
15766
28587
29367
11308
21564
15283
17287
5980
19995
3840
16846
8167
14778
8206
4852
25450
10385
11626
16644
18904
24047
15376
3889
25204
2121
9801
31148
5563
30523
14563
26272
13522
10383
22872
24830
31947
5387
9349
5160
25382
13189
22006
782
27967
30213
5634
20649
7830
17260
4525
26734
8540
19901
30624
976
22022
7657
32124
27586
5413
13920
21090
18935
24303
11194
10997
23482
16582
20346
28642
9196
767
17881
9978
28734
15326
15612
16616
23156
105
21141
17123
8645
8275
14979
9621
30297
22636
8978
25115
28049
22898
13438
14216
14433
24632
25213
5147
8446
12791
1022
17643
13558
18903
27621
9525
1461
10466
26141
24617
10571
14514
8972
19216
22789
23951
28837
20319
13820
5047
12666
9101
27945
26104
23318
9610
17969
15763
14758
26415
28555
15780
11290
9345
1915
6144
18870
3376
16610
12243
27993
27181
26758
4198
13629
16779
28149
9698
4330
9201
14746
16997
18303
9923
10333
8853
19534
28302
24616
1524
21950
20403
17304
472
29749
19219
6616
15851
22595
23226
28095
17820
17639
22085
22018
31268
6096
17400
8199
10427
26601
22945
27424
12136
100
4989
20989
19634
524
12838
21158
22474
473
5694
22946
30222
24913
29563
13306
14740
20021
8633
32561
4893
30718
21811
3393
4046
6443
11592
14473
277
1769
9129
12413
1870
14119
635
21504
14643
13473
9895
4349
13946
15589
27295
11401
7735
24090
24707
22475
11344
572
22268
16237
31290
11312
19630
2568
17755
31223
17042
18032
224
26171
30446
2094
7522
31081
23599
22165
11786
726
26514
25732
16315
21042
4365
24050
12364
29072
13758
23708
29644
3258
7177
28166
14570
26808
30735
32326
25263
15009
17590
25487
8412
15268
27582
15935
13581
18413
5332
25367
19139
31847
18332
2686
20121
22697
26737
32485
19002
7727
23426
15878
10985
30603
11277
25556
24643
9244
25114
17138
24253
9936
9858
32665
25205
4672
15832
6018
23085
21165
31386
9456
20244
16950
12142
7597
6879
6111
7314
25881
13838
30740
8992
24824
28576
20269
17612
20451
29513
9958
4822
20998
19894
14680
20895
12331
19352
3960
18350
9669
25125
16968
19125
12601
1150
31267
20198
8029
4611
27512
1143
18449
25485
10135
10505
21293
30404
28117
8976
27149
5307
13798
15379
25202
28478
3506
4765
15062
7466
23115
24731
32591
7315
11088
12424
8465
9588
32622
16495
14199
27367
17638
32648
20084
27773
10386
8609
25409
5735
17585
19790
11043
31384
2401
3477
27094
5907
8242
9389
13374
31358
1352
13197
5905
12441
25622
14371
22029
25476
30866
3460
20075
15736
3340
7391
10741
13726
16000
3382
19462
818
23172
30505
32202
25573
1214
26528
31480
9456
3149
12086
8046
4502
25284
13952
16943
18138
28323
6204
10846
26421
9664
30922
9389
13004
5545
20130
26731
21546
23512
13425
22364
13916
11162
21798
6721
12376
15558
5433
21832
18708
17520
29879
23210
10036
11063
7385
28174
6618
13589
6252
271
23253
4406
9660
3489
9952
29790
30220
31498
20534
10877
21094
1682
22039
10124
8403
1647
25682
13836
23480
11622
31356
20591
2064
8624
31654
9449
4030
5504
23038
10283
5775
13523
14689
15435
17013
24641
12457
14465
23371
223
25343
11697
1905
14614
21821
10308
16262
14736
24144
6974
26358
22733
27565
28423
31357
26451
5104
2620
31955
28143
12903
4962
8898
27592
20397
25911
19466
86
7609
10069
309
184
21767
2214
14798
10820
12522
31060
25556
3898
5266
19147
26631
63
14802
25221
26514
19906
27841
25701
15281
7976
30663
24180
2800
18292
17323
22266
18378
24932
32336
18687
25116
21335
20901
7147
32155
655
5439
24944
4554
10706
11323
31185
10769
26125
23638
4516
13263
18711
30217
28545
26687
28113
19957
29488
13637
4512
18986
32016
29445
18554
17935
21793
7121
6069
28940
6509
6724
1612
31453
11278
12318
10008
9696
23087
3365
566
27603
16628
19278
25053
12405
13197
20398
32362
9917
1267
4107
28904
515
784
14690
18451
22577
21812
24520
18750
28321
31244
20362
27006
9755
32680
4246
19451
22999
7611
20017
17835
24239
6527
10120
3877
19725
30518
3471
29642
31785
7578
25778
32301
8362
7701
17984
30940
29513
9736
16922
25066
8212
4516
19304
17967
4428
23550
4650
27427
31161
24668
12494
22632
31195
22614
26509
18152
20364
29981
15027
19382
4791
8037
18915
13154
15738
4131
11326
12483
13867
28248
4781
22079
32764
24085
7279
4424
14867
11929
31851
13260
3829
11578
3125
2257
1424
29634
20409
21789
26847
2668
8403
31639
10706
27318
12025
26444
31449
23351
6160
12548
18831
10941
1859
18827
2259
9138
23251
17126
21068
22334
30387
24897
1144
744
27154
2569
30378
14796
24358
24458
17464
32761
23329
28170
27311
2586
21847
25992
25937
28007
5772
12000
6180
7631
30827
8439
16770
21310
25566
5070
10876
23185
29967
12021
23929
24354
14590
21539
6382
6180
13229
23846
6173
3790
19249
716
6376
8328
26708
32313
3567
32480
11545
9747
7343
9604
18187
24113
30914
10985
29183
9023
1402
26383
21044
25331
17969
2866
14102
24351
9046
27332
15429
15219
31122
1910
15935
4731
10238
9875
4276
13805
9587
15822
23553
16930
25426
8972
8276
23573
19957
4691
32596
21359
31074
20872
13922
16275
23738
28024
7858
16
22588
23288
15235
20943
25198
31170
25674
2669
8277
29950
16474
17864
13004
7259
2026
5663
16231
10302
29236
3420
14994
29064
24779
13300
17168
5933
29576
8138
1190
4666
8154
23778
27954
23389
11953
20385
21791
4859
23054
30068
2042
6760
15164
15046
14020
17190
20709
30251
27493
17177
904
9719
13473
25683
23019
30641
31617
19827
6011
39
24494
14165
23817
19680
4786
3003
7297
26577
7862
30351
23877
9904
4344
6273
24951
18364
23464
12892
15847
18189
30070
16751
27908
10775
9667
18159
8649
8516
5219
14660
8555
29713
28826
32372
16625
844
2607
23923
27422
10470
21506
18531
20374
25850
24805
12557
11446
15501
25450
27294
922
22752
11277
28830
759
20944
14221
9408
29460
19440
24069
5247
16385
20127
4852
243
20971
7459
24166
15625
17929
12904
1389
5536
5987
26194
18093
17433
8927
10775
11959
9849
759
23237
5911
1519
11413
20132
10927
8106
6805
2228
13353
23190
22355
18205
23433
10559
25665
14831
26184
10826
27736
27573
16362
955
20999
1688
18388
29926
12463
30348
7007
13223
20817
12918
14742
32230
283
25669
7568
7088
27898
20922
30278
17485
6359
20944
28044
32024
3007
21461
10083
30743
16266
26445
31698
4498
28133
17319
1656
7829
14899
8664
21052
2948
21582
3026
2410
21865
28695
9979
28953
23825
30901
26464
8543
4492
14640
3819
3749
17647
25280
13832
15623
8779
7509
14553
13277
2875
31872
14933
10704
14003
23597
31756
16951
12412
2014
19362
1509
30709
29341
30463
21767
27474
24159
30310
31966
6031
1361
2947
23678
26642
16779
6533
2653
24289
21087
15930
27164
20191
30863
5100
1427
21693
4088
18378
1337
6102
4972
2846
4043
1545
541
25810
29019
24700
23352
28218
30731
24714
31165
21642
18588
15177
28175
21241
6698
16494
4403
1094
3918
2498
6194
5345
24191
10282
23723
25528
16384
28696
28375
20427
30241
28916
13470
26493
20849
4054
21943
18812
28768
20340
7686
14588
2749
3094
3061
9447
19588
7464
10541
23506
9963
16735
28851
1386
27017
19807
26915
10633
15735
22522
31061
13208
18670
11763
6933
6751
15817
28876
25564
11818
16449
482
26406
19198
3576
29468
28646
23165
4164
6419
13903
14127
23155
9987
15514
17404
29794
9661
28038
12761
32183
26331
25969
18085
5326
135
24837
21143
29011
17633
193
12692
18115
26600
31891
21692
23300
27769
12089
27464
1420
25992
8824
24575
3211
24338
9212
237
1231
4482
12998
646
30813
6200
18731
3371
6335
10800
24514
2578
28433
24708
15271
13781
18540
14394
2705
9072
9395
14794
3768
10815
8018
12592
2623
11230
4162
11835
11467
5393
16317
24466
6039
14362
30666
24771
17733
4233
2803
9479
6811
31237
1419
22082
12250
19959
3708
14955
29031
13103
29749
32
23919
4999
12624
26542
16229
16787
5609
27697
22180
21926
19395
28220
3520
17293
20223
21253
21526
23026
30732
28337
21495
32152
17652
977
19343
21360
15932
15607
1696
12913
15639
25615
17913
28263
19389
1374
12282
24998
29071
1695
14156
15698
29915
17676
223
17370
6161
21749
7628
4125
17319
29124
3509
2203
30101
22853
23563
13266
5692
25259
26179
21331
18106
11324
16826
4727
12699
29109
29725
9002
30804
11113
24701
27951
28789
24924
12553
2182
13906
20181
6308
31225
16537
9817
660
13871
32670
24223
27137
5594
16715
20548
26925
2053
31873
10984
6781
11804
7325
3738
20806
5361
14852
12739
544
10873
4896
13097
13056
18802
510
19364
17259
17048
29181
17919
30919
29084
9374
25288
1910
26089
13068
28836
28143
12173
7052
2156
23977
14377
5894
12016
19738
20746
24755
20282
31620
29651
611
11908
15685
1121
31272
176
18169
27685
18095
16320
24001
27470
8840
25912
20791
21909
21980
16166
1314
29032
18322
25292
10641
24217
4540
30379
12195
29295
17893
11047
26179
18504
22955
9096
19625
21459
9273
5027
16377
27368
21347
7610
22070
30188
754
10094
19329
22734
26260
20643
18998
11815
13167
29639
3264
17707
27250
15459
14235
12375
26507
7646
30879
16694
16742
17737
5386
26015
22764
21763
20616
11343
29373
9918
8763
30128
20012
28092
20094
13505
15968
6325
25320
29135
3196
28584
14075
30447
11275
28310
10054
5014
3188
8166
21709
19930
25903
27095
13178
15899
16090
1026
27242
12695
10944
3238
10055
30957
31330
30150
11694
14530
3707
4246
10898
6903
62
24973
4582
11337
20515
14637
16352
23703
22803
5293
10865
15938
32388
24043
31837
15710
25069
26311
28405
3246
29549
5693
1435
28112
3075
13129
9874
6782
17375
20772
13685
17437
12977
18268
28774
724
137
12358
24427
22940
17651
2525
6110
17271
26568
5179
213
18870
31490
28619
22116
28272
1544
23551
23616
4619
3912
722
11401
21287
21495
25086
5956
1704
10586
1962
2429
10723
14321
26856
895
31972
29381
7005
16476
23182
12184
16689
9284
10907
12540
31400
6411
14084
22183
30027
18703
26095
30749
30104
14614
19476
22423
20570
21181
241
22532
23610
10965
4085
17698
11860
3290
14312
18866
19766
4726
31050
3687
14010
9189
16228
12642
15600
30312
2057
12859
16248
28152
10841
13584
9998
30317
3239
30568
18730
3481
20332
9572
14446
24418
27271
26306
27708
8815
12404
14706
13541
10687
18393
27551
19876
1853
7425
2709
32166
9482
15568
15646
4866
26409
29230
14864
23959
32470
12664
9921
3183
228
19494
17629
24646
13997
11167
19586
22812
23572
1524
3585
1491
19918
31136
21367
21771
5793
24076
21169
15275
6877
4047
20141
518
510
2237
24477
212
14901
1631
3395
15129
21125
21024
7008
2354
32191
26594
25166
22995
28119
28751
24486
15269
27119
13086
4272
144
4394
25442
15419
11271
29489
2792
11790
29999
5029
3499
30211
19930
5130
838
2291
26255
21862
9299
28609
21286
3126
21007
11513
31245
16990
3232
13746
11341
16318
18018
11485
20712
10692
26904
31984
7414
29696
11006
4645
1957
14505
2089
21887
19636
2927
24179
13123
24790
710
8965
13308
3836
29972
24821
2313
14195
28053
16059
25536
11603
1310
4254
32316
12002
31158
31532
19416
28087
9770
24062
30044
24275
26151
19164
11143
29078
10575
24267
21100
11285
464
1640
15122
30436
26462
17435
11863
21747
727
4632
583
2037
8886
131
14039
7276
31663
688
2595
8665
24750
32640
172
18133
19036
11316
14443
29611
2815
2776
8128
3279
4416
23250
947
30878
7918
12811
19858
8645
17443
20441
10682
26329
20572
24721
837
19467
25409
3433
28132
17391
3305
28304
2756
22341
6852
17200
19184
9667
19976
27312
12946
24392
17795
13894
22503
25713
26705
9593
1590
11380
30034
12272
4941
17838
4225
5778
4537
29635
9211
32669
14258
12516
28205
17015
2089
2290
1447
21273
11957
21423
15818
24904
13047
845
6030
2782
26558
32735
12375
28148
11347
9641
7652
16288
27479
11877
22066
32016
8744
31278
31917
23003
11026
27355
7250
13116
29645
8697
1621
8834
30120
17439
970
10399
18284
7000
13182
12074
6967
25557
7454
18314
2431
15106
1834
29910
26984
23901
29159
2960
22411
28308
25963
669
22895
445
13785
19772
9142
15407
28607
6494
78
29577
16894
18363
3810
30076
30437
10777
22865
5124
29092
25296
20230
30926
22439
14446
22059
18830
17407
11702
14370
10602
12372
4498
11048
26157
24270
20190
8796
20109
26685
8875
16919
10811
27238
20729
8119
24907
31506
30984
30031
27830
23513
17494
25989
13184
31940
15280
32014
16579
26983
13616
27182
6587
18114
5462
32744
9617
25652
8773
29726
19569
17648
13877
30380
12118
1838
5731
4257
577
3948
1521
28407
27461
19015
21628
7877
18187
4141
7123
1999
31124
20739
29181
4943
6086
1875
4919
15703
27527
13692
12661
14329
31340
26539
11941
10690
28377
17673
14948
28954
21621
16469
24594
16314
2716
13454
24191
20903
17595
31314
22902
15951
19285
19315
20894
25371
21190
25814
8306
15950
6738
20968
30279
5311
14739
9452
16001
10348
27125
30949
6535
15978
14650
31129
32292
17366
11815
23715
5502
29411
22261
28404
12594
8779
14952
721
1382
3374
26535
9689
19324
505
30657
16835
5816
12628
26288
21818
22976
20645
19999
29511
3856
1882
27872
3380
19248
6920
27096
24750
3563
16589
20387
16157
25368
2571
16878
26751
5945
10645
3672
25270
11151
1561
9337
16967
14189
2857
6017
4397
23503
26017
1141
27359
27899
29013
30739
14379
3165
25067
6362
6728
8889
26749
22886
1489
29320
6996
28240
2497
17642
31912
27767
28793
705
4337
12992
14894
7194
19010
19292
30697
12259
20433
25288
7390
16678
23260
21769
19844
15559
28131
26572
24448
22112
16690
25938
18664
23687
21410
21162
8561
20555
16161
4586
21260
20498
17578
3387
27693
3820
22679
25622
16079
10344
18143
23469
27022
8635
12471
14098
24194
7834
7903
15875
29947
24593
9045
15843
15512
30455
4237
24073
18242
20399
28659
6735
8129
13470
10122
3054
17290
33
28677
602
10377
14052
24071
4631
22687
3774
18730
14113
11609
26633
29988
8788
18458
6265
24631
1203
3953
28869
25276
22195
16500
21168
28930
24629
1870
6284
27684
19160
6317
23593
19762
16694
4877
11066
21326
27564
14840
7288
8909
26449
1153
6130
2469
19611
12395
27101
20814
16348
23202
13323
5776
6934
1723
1938
31563
3593
8223
26479
22753
14540
17304
9748
31235
22181
20814
19793
16977
2886
27081
25887
29336
28234
32017
31805
15077
11644
26138
3124
27993
16572
16447
1001
23506
18170
2939
22302
21763
11162
16013
11748
25703
550
21496
24170
22731
9542
11195
6941
12429
5508
60
8997
974
32077
8034
16051
10953
1405
19175
6178
17977
2854
7179
8716
21024
10119
31018
10019
21281
14263
21768
14216
14813
10496
5618
4777
20039
16813
11718
32468
22321
11778
8697
23295
11087
16731
6579
22040
18136
25754
28219
3346
28609
2630
12062
16865
12749
10312
26885
1263
24575
15885
15479
6621
26381
21098
11398
13652
5143
23116
13352
27465
2126
22049
17992
13213
6013
24571
2485
24149
17558
30704
27495
13399
567
6789
30264
13316
17101
24381
14579
8909
7498
30059
15530
1112
18389
26928
14764
23532
17276
28117
18229
19402
17398
3454
32615
23411
28025
2332
14793
12815
269
9520
26214
836
16310
23711
14152
643
15324
28732
9552
22823
26023
25082
23935
11644
19242
5931
2408
3750
1280
20638
23152
18679
24092
22999
9322
19349
25332
24115
32165
25601
868
25611
26437
17178
16554
7821
17821
31879
3785
27374
21934
29808
19688
13101
8684
6163
19032
11093
9913
20313
31731
298
6224
23055
23297
15546
9636
15861
6894
9033
8694
7762
1877
2363
24940
18431
10185
9993
17542
13970
4599
6708
11011
24288
19809
19695
30451
6074
30788
7596
26387
29751
7894
32611
20038
31192
15389
29675
14285
22283
5940
22980
30045
7817
25343
22217
26249
2760
32211
11023
16731
4042
17732
27742
28330
4773
14669
26013
10847
12690
842
4466
9673
8736
4309
29712
7160
19699
26619
21446
9214
32559
11658
6492
7609
4233
28709
1090
6994
28152
12113
23725
32195
29845
18699
27757
1851
600
21003
12698
13290
21845
17165
22964
30581
21474
19908
4974
8405
13759
26420
17620
13550
5310
24112
21159
9543
20053
22249
16537
15438
1595
7494
14865
31440
26193
9854
523
26794
30857
13222
7316
19934
30387
30280
17748
19093
17420
22722
27499
31179
16374
12351
11962
21684
3695
353
31227
23748
22603
14997
6418
24198
22491
21283
22870
15917
31138
23394
9943
29227
3848
17259
16394
1467
14772
1374
20560
32192
24096
15291
30604
7702
27642
9798
29386
31337
10151
27845
22318
32754
10074
28736
24184
32566
17252
14287
15715
15622
4913
25658
12081
8761
10149
28475
10228
24921
29849
30788
24346
21177
13312
22182
28879
8186
31980
25497
6756
9363
20575
29074
9350
30649
25042
766
30447
9526
15053
13394
25148
19966
6284
4462
28727
16434
169
6187
8587
30019
4208
165
18428
17520
22347
14540
25706
21559
7269
32462
30923
27844
28768
7505
25726
21043
8271
23405
30569
23325
4032
22950
10523
10316
27412
6483
26750
27581
12670
2570
24832
16878
2735
10493
1630
25083
25033
27337
13874
32302
27031
12029
27379
23032
19534
20337
11307
27806
10974
9108
18363
15006
32058
28886
25323
26702
2601
19305
21516
15272
21875
13580
32150
24611
24073
1013
16926
16338
28350
30800
15873
22613
10062
10484
12877
29596
30821
24184
24634
9027
525
10229
24034
32583
6348
16589
26518
8949
3126
15266
24221
25002
28846
23604
16845
20152
24617
1003
3722
20199
31803
19595
10044
9097
30079
22922
5926
28132
14338
30560
4392
14863
8022
28426
14679
14370
12247
8429
23319
15373
23695
14773
7607
19773
5609
24452
7157
30226
25455
10880
17657
24491
30475
27701
820
27787
17855
6746
23151
32194
4539
27543
14289
12561
23201
28968
26931
2680
4629
17482
18054
28324
32255
25661
15330
5096
17346
22487
2554
10033
599
20211
1756
31075
15145
2577
26094
232
9323
16477
32426
13862
11253
13948
26423
1686
10148
20586
4367
14778
5301
22421
10334
4788
15314
25664
9885
32660
15384
12439
9926
15983
32651
11682
14290
15028
14259
7616
15260
23583
24094
14919
4677
2579
28867
31101
4265
6247
18919
8632
21025
24220
31053
31360
29009
13600
24256
6126
13492
6872
18565
23418
22856
18448
2333
4378
708
16592
11995
15969
7407
3321
30888
12085
5900
26987
10418
10165
466
29337
18798
21492
20790
17083
20084
17031
30683
11572
23157
11408
18445
8954
2058
8533
27403
4391
12911
28111
20984
24906
11312
28391
28227
9432
7708
1359
3651
18126
11525
4118
14696
30323
25610
2718
14638
12926
19749
12554
24498
10138
23962
10175
19092
26020
18708
13727
30412
31620
9071
18628
23758
20383
14251
19218
29816
21960
20577
699
7318
32102
4817
22014
29657
30427
24732
11528
10585
11713
24082
2316
21851
15276
12491
8176
8528
31200
21903
6172
30052
30974
24800
21042
18590
6284
7492
15638
28244
28070
16337
2794
27404
21155
24809
24294
18814
16773
3054
29400
28487
27136
31716
17570
9644
11439
25746
18172
9871
14882
24345
7155
13088
16377
28198
31678
22661
2922
14548
18137
30992
30886
20932
25629
19273
12973
17155
5319
29746
20209
1951
25465
14577
899
10268
24221
12339
3246
9625
22210
18128
1202
29366
31217
17580
24796
30127
7473
27718
11908
25611
25943
10026
13775
18804
29299
26748
3191
1850
23726
23400
3802
16424
5209
4701
26692
29430
17040
29938
6287
6483
15299
7490
3081
13748
25070
27877
11107
32543
22827
23015
25386
16002
273
6393
2038
29572
373
5229
31423
24100
28629
2457
7756
1070
7158
1680
30500
24199
31618
4020
30682
14149
11510
995
27897
3812
28872
6237
3587
18931
29252
28974
2166
29526
2599
4204
26330
2973
9434
24985
27073
5295
27442
2061
6366
1833
3741
4098
26032
2591
8118
23946
16741
19628
24941
11870
23440
21045
18107
27028
7208
14592
23234
9374
11350
25833
13579
4912
28806
23013
29898
23111
28308
24572
25172
1906
26405
28913
6005
19669
31505
14123
10847
15478
984
3020
27348
24424
24065
12688
18684
31274
27280
9150
7880
5862
2216
21459
10774
31022
11704
7904
21366
7245
32477
13770
9151
26114
9916
15156
13016
8653
29280
23863
24131
30264
26884
18711
21920
18181
31399
7837
16687
25911
16987
24568
31773
19203
13259
9780
17458
24964
17684
6056
32209
17393
19826
8592
10740
29742
23749
23756
5627
20261
14851
29758
17757
8967
15702
6909
27149
14333
14746
11068
7477
31734
2868
6482
18169
16128
16262
2859
8324
1179
8915
7765
18572
28742
16357
29312
25716
7338
20300
31344
27599
2384
28334
12588
11351
11268
19498
5732
25602
1476
16801
311
442
19669
6793
18612
3029
23056
21471
11353
24235
30387
19118
10039
26361
2708
6584
19309
10046
26884
17885
4878
29268
13452
17466
7852
24720
4196
13584
17554
5673
30385
17865
6115
17287
24659
24727
20316
14947
13431
31670
6414
11050
18020
16453
4643
20728
23037
23952
30775
17154
9070
2885
13654
22522
20351
21506
14474
24548
2323
32029
30221
32708
17126
3568
17227
9017
28296
4776
23964
8959
3678
30378
20009
21698
14064
24652
9659
4333
15836
7666
21487
24906
10551
2374
14660
30902
23880
29135
22682
26203
28396
20135
26144
12754
23704
10603
21772
19232
15379
12968
28191
19057
10579
15432
7988
24643
7316
17647
28976
23152
25313
17696
15291
3096
20070
29951
1230
11182
26318
23913
4618
21946
11280
30762
1933
2216
8597
23705
21448
23977
3905
16871
10266
14484
32303
18254
6359
6851
3133
2568
30004
28446
20264
12527
31542
7566
9710
5
18748
3261
23918
23366
25207
2430
21360
27140
4647
29958
18077
26095
21167
21983
10199
31433
3699
9734
16920
10059
16586
20053
12627
13822
15732
123
26349
14506
7689
3291
14511
26437
6552
5661
17036
31760
8092
5628
26132
12739
2818
11442
6066
23985
657
16265
22651
4356
26000
6803
14415
9818
26856
27042
23640
9820
27165
17221
24327
2086
20512
6070
28524
27065
11732
12792
26057
19824
18420
19421
32563
21239
30863
5861
12456
31520
22127
2339
3109
15359
9142
17524
25177
3231
11799
16049
13051
6196
502
4610
8283
21014
10681
4039
15311
22413
16831
8600
9469
2483
28022
9264
23722
26117
15125
3411
24870
4484
5750
27979
19843
14893
12735
12252
18124
24534
28301
31175
30731
28803
3018
6246
17050
13699
10285
32361
3344
27116
8194
12813
29599
3448
22077
20554
29565
4434
23965
21667
8919
29715
16878
28762
11840
29614
8247
29964
21380
3780
28372
19343
32584
31390
25589
16866
12321
3106
16459
15665
30222
24653
28478
27054
28101
17787
14840
24899
22221
6037
13798
31140
2984
30677
27135
14825
27523
2614
12021
16135
6394
7625
2711
6210
6247
28300
23076
18568
31407
6768
1465
28861
31421
29943
23147
26755
14962
5219
18886
4416
11256
32684
2788
14241
30593
29923
29066
25348
32537
8319
8716
6164
15945
11427
12374
22192
6959
2683
7993
5598
9451
9458
1692
8104
6634
24839
2091
21596
30059
20977
26012
8547
20894
28801
22788
18719
25956
19086
11300
25726
27406
20016
31890
10583
31443
11496
7
5634
14179
8000
11233
23630
17459
12925
31735
24093
4996
1058
12921
2287
22036
6166
10835
10162
2199
855
28881
28155
19942
7413
21113
14580
27429
20235
25163
26104
31732
25170
31739
13143
403
10204
4006
17862
23129
2973
9187
28125
4031
22108
30413
26067
28274
8480
3461
30473
9335
32343
25861
29277
6988
14206
11089
1650
1674
3484
27754
638
28655
26725
13781
29058
4161
17787
14152
27290
20760
23339
22648
24792
12679
20293
18091
8186
28773
21553
5891
5340
21128
31752
1850
28116
13191
12939
29766
14865
16424
24753
15503
12311
18710
29284
8601
22872
14304
22753
17394
2296
13324
7274
27088
26003
27567
12412
1421
23572
1197
7313
28913
22325
6297
30763
17673
19488
10934
14672
1585
27358
6657
17088
6901
25367
13605
15502
15471
27909
5487
98
30205
18811
7372
24526
12047
2172
4170
13468
25744
5367
20781
21889
27692
27079
19884
12597
13799
30819
27269
15385
25409
1158
32473
32311
26526
13310
15045
9229
8451
20533
9327
5889
6576
16700
30415
18623
18872
1817
32092
11848
7184
20105
970
2108
14416
20854
14705
28216
18905
9207
10833
11547
10365
10538
11090
4123
23849
26135
13353
32300
13900
22680
5421
20477
6612
3068
6332
25484
4885
5656
4565
12069
25762
5535
14177
7410
26389
28883
2858
12527
5322
13691
24074
15687
24230
2396
19811
15311
28531
396
14843
9664
23076
20265
30141
29689
23333
3705
22405
28219
9362
26970
7520
2356
32505
21698
9766
26127
17813
12625
5886
23135
26316
29960
6054
17778
32356
25865
321
28119
26261
15165
5015
16570
2662
2388
13491
25995
6094
3128
21446
15456
30099
28967
17812
29836
17897
27578
23195
2942
7435
